    0.000000    1.639973    1.639973    1.888566    1.888566    2.626130    2.626130    2.643647    2.643647    2.747624    2.747624    3.002716    3.002716    3.344197    3.344197    3.695744    3.695744    3.966153    3.966153    4.590849    4.590849    5.772463    5.772463    5.940126    5.940126    6.237789    6.237789    7.836781    7.836781    7.907445    7.907445
    0.032908    1.659384    1.659384    1.942131    1.942131    2.577004    2.577004    2.652535    2.652535    2.745065    2.745065    3.011487    3.011487    3.335677    3.335677    3.697302    3.697302    4.037072    4.037072    4.584577    4.584577    5.821384    5.821384    5.842831    5.842831    6.267092    6.267092    7.803232    7.803232    7.849662    7.849662
    0.065815    1.665446    1.665446    2.048628    2.048628    2.505739    2.505739    2.666054    2.666054    2.739060    2.739060    3.030763    3.030763    3.308650    3.308650    3.700978    3.700978    4.135442    4.135442    4.596906    4.596906    5.686011    5.686011    5.891833    5.891833    6.335472    6.335472    7.609662    7.609662    7.870247    7.870247
    0.098723    1.607386    1.607386    2.118559    2.118559    2.482464    2.482464    2.673082    2.673082    2.769443    2.769443    3.050127    3.050127    3.259292    3.259292    3.699152    3.699152    4.121937    4.121937    4.638835    4.638835    5.676094    5.676094    5.871188    5.871188    6.404189    6.404189    7.508791    7.508791    7.862627    7.862627
    0.131631    1.512114    1.512114    2.148141    2.148141    2.485545    2.485545    2.674976    2.674976    2.841538    2.841538    3.065717    3.065717    3.193857    3.193857    3.684661    3.684661    4.052515    4.052515    4.674243    4.674243    5.772894    5.772894    5.809207    5.809207    6.451938    6.451938    7.505115    7.505115    7.814444    7.814444
    0.164539    1.436464    1.436464    2.187930    2.187930    2.499525    2.499525    2.667881    2.667881    2.911175    2.911175    3.076347    3.076347    3.132342    3.132342    3.661127    3.661127    4.000690    4.000690    4.730958    4.730958    5.699283    5.699283    5.925737    5.925737    6.484326    6.484326    7.467776    7.467776    7.741910    7.741910
    0.197446    1.402560    1.402560    2.231684    2.231684    2.542876    2.542876    2.656664    2.656664    2.955799    2.955799    3.084553    3.084553    3.091407    3.091407    3.634152    3.634152    3.953034    3.953034    4.835863    4.835863    5.681569    5.681569    5.962836    5.962836    6.516895    6.516895    7.351679    7.351679    7.658267    7.658267
    0.230354    1.373332    1.373332    2.243225    2.243225    2.604538    2.604538    2.652844    2.652844    2.974677    2.974677    3.067589    3.067589    3.096876    3.096876    3.611352    3.611352    3.892917    3.892917    4.943739    4.943739    5.645825    5.645825    6.002651    6.002651    6.564658    6.564658    7.248395    7.248395    7.583078    7.583078
    0.263262    1.311193    1.311193    2.247520    2.247520    2.622450    2.622450    2.658796    2.658796    2.916800    2.916800    3.100427    3.100427    3.114686    3.114686    3.604292    3.604292    3.852097    3.852097    4.979791    4.979791    5.518514    5.518514    6.116244    6.116244    6.634804    6.634804    7.240152    7.240152    7.548123    7.548123
    0.296170    1.233295    1.233295    2.253979    2.253979    2.577149    2.577149    2.671671    2.671671    2.836588    2.836588    3.131688    3.131688    3.148603    3.148603    3.610839    3.610839    3.848454    3.848454    4.962594    4.962594    5.339734    5.339734    6.254954    6.254954    6.710118    6.710118    7.309910    7.309910    7.551463    7.551463
    0.329077    1.196856    1.196856    2.257052    2.257052    2.536743    2.536743    2.679358    2.679358    2.807876    2.807876    3.138927    3.138927    3.167262    3.167262    3.615625    3.615625    3.854977    3.854977    4.954050    4.954050    5.248594    5.248594    6.316362    6.316362    6.744880    6.744880    7.355366    7.355366    7.558441    7.558441
    0.417427    1.393561    1.393561    2.176667    2.176667    2.374209    2.374209    2.658562    2.658562    2.712103    2.712103    2.975174    2.975174    3.354916    3.354916    3.786349    3.786349    3.920753    3.920753    5.139952    5.139952    5.488825    5.488825    6.114949    6.114949    6.565042    6.565042    7.178703    7.178703    7.505843    7.505843
    0.505776    1.516589    1.516589    1.771786    1.771786    2.204064    2.204064    2.329954    2.329954    2.616160    2.616160    2.724229    2.724229    3.550119    3.550119    3.884215    3.884215    4.117952    4.117952    5.333044    5.333044    5.584052    5.584052    5.910385    5.910385    6.871291    6.871291    7.223103    7.223103    7.429765    7.429765
    0.594125    1.160865    1.160865    1.587864    1.587864    1.884329    1.884329    2.073496    2.073496    2.570735    2.570735    2.618092    2.618092    3.450503    3.450503    3.566551    3.566551    4.240689    4.240689    5.277806    5.277806    5.859563    5.859563    6.084293    6.084293    7.170997    7.170997    7.367762    7.367762    7.616307    7.616307
    0.682474    0.594764    0.594764    1.497457    1.497457    1.656232    1.656232    1.839052    1.839052    2.435661    2.435661    2.665128    2.665128    2.891538    2.891538    3.468673    3.468673    4.092684    4.092684    5.380511    5.380511    5.985044    5.985044    6.620952    6.620952    7.244997    7.244997    7.538569    7.538569    7.798324    7.798324
    0.770823    0.116215    0.116215    1.150834    1.150834    1.573319    1.573319    1.715842    1.715842    2.244542    2.244542    2.429995    2.429995    2.776218    2.776218    3.296698    3.296698    3.832840    3.832840    5.562692    5.562692    6.170439    6.170439    6.854119    6.854119    7.372293    7.372293    7.644084    7.644084    7.954519    7.954519
    0.859172   -0.243961   -0.243961    0.857963    0.857963    1.376022    1.376022    1.470636    1.470636    2.042586    2.042586    2.423843    2.423843    2.820882    2.820882    3.114345    3.114345    3.566521    3.566521    5.811730    5.811730    6.247146    6.247146    6.748031    6.748031    7.418542    7.418542    7.796712    7.796712    8.165119    8.165119
    0.947521   -0.495376   -0.495376    0.600345    0.600345    1.000319    1.000319    1.239318    1.239318    2.093776    2.093776    2.411566    2.411566    2.866157    2.866157    2.958053    2.958053    3.378607    3.378607    5.823115    5.823115    6.300305    6.300305    6.660714    6.660714    7.381064    7.381064    7.762816    7.762816    8.629730    8.629730
    1.035870   -0.633900   -0.633900    0.373258    0.373258    0.631240    0.631240    1.120880    1.120880    2.189071    2.189071    2.419012    2.419012    2.723838    2.723838    2.879631    2.879631    3.378350    3.378350    5.606789    5.606789    6.382746    6.382746    6.702592    6.702592    7.305552    7.305552    7.722807    7.722807    9.006292    9.006292
    1.124219   -0.674542   -0.674542    0.167051    0.167051    0.425903    0.425903    1.051091    1.051091    2.283490    2.283490    2.462599    2.462599    2.580087    2.580087    2.754116    2.754116    3.486673    3.486673    5.395813    5.395813    6.403677    6.403677    6.794023    6.794023    7.242500    7.242500    7.682862    7.682862    9.245662    9.245662
    1.212569   -0.674546   -0.674546    0.072449    0.072449    0.358034    0.358034    1.033054    1.033054    2.363020    2.363020    2.387771    2.387771    2.571381    2.571381    2.704029    2.704029    3.543634    3.543634    5.306929    5.306929    6.372865    6.372865    6.874956    6.874956    7.180011    7.180011    7.699993    7.699993    9.336158    9.336158
    1.300918   -0.674166   -0.674166    0.143559    0.143559    0.409192    0.409192    1.003616    1.003616    1.921202    1.921202    2.114824    2.114824    2.949228    2.949228    3.033100    3.033100    3.529321    3.529321    5.361860    5.361860    6.324679    6.324679    6.476924    6.476924    7.572613    7.572613    7.743348    7.743348    9.265327    9.265327
    1.389267   -0.663941   -0.663941    0.329040    0.329040    0.468533    0.468533    0.970417    0.970417    1.424339    1.424339    1.745080    1.745080    3.160556    3.160556    3.444012    3.444012    3.675293    3.675293    5.469299    5.469299    5.949495    5.949495    6.245900    6.245900    7.927236    7.927236    8.016136    8.016136    9.114088    9.114088
    1.477616   -0.613235   -0.613235    0.454041    0.454041    0.596910    0.596910    0.900228    0.900228    1.020334    1.020334    1.564038    1.564038    3.041337    3.041337    3.713466    3.713466    3.916998    3.916998    5.521467    5.521467    5.685827    5.685827    6.287470    6.287470    8.098532    8.098532    8.284314    8.284314    8.891204    8.891204
    1.565965   -0.504012   -0.504012    0.228121    0.228121    0.727992    0.727992    0.819769    0.819769    0.975938    0.975938    1.665418    1.665418    2.853472    2.853472    3.716561    3.716561    3.832252    3.832252    5.609239    5.609239    5.809522    5.809522    6.533331    6.533331    8.091746    8.091746    8.301017    8.301017    8.729737    8.729737
    1.654314   -0.333085   -0.333085   -0.111174   -0.111174    0.579831    0.579831    0.809446    0.809446    1.354852    1.354852    1.958067    1.958067    2.647581    2.647581    3.471627    3.471627    3.483787    3.483787    5.818434    5.818434    6.230640    6.230640    6.822936    6.822936    7.822109    7.822109    8.058415    8.058415    8.736853    8.736853
    1.742663   -0.433461   -0.433461   -0.101491   -0.101491    0.500957    0.500957    0.851231    0.851231    1.792958    1.792958    2.300250    2.300250    2.465829    2.465829    3.022793    3.022793    3.160159    3.160159    6.074353    6.074353    6.674381    6.674381    7.005638    7.005638    7.428307    7.428307    7.819697    7.819697    8.718725    8.718725
    1.831012   -0.696838   -0.696838    0.171352    0.171352    0.516847    0.516847    0.942160    0.942160    2.163101    2.163101    2.238243    2.238243    2.578302    2.578302    2.602112    2.602112    3.031800    3.031800    6.175736    6.175736    6.760166    6.760166    6.850058    6.850058    7.471207    7.471207    7.782216    7.782216    8.644517    8.644517
    1.919361   -0.887747   -0.887747    0.470651    0.470651    0.625983    0.625983    1.081955    1.081955    1.915876    1.915876    2.083816    2.083816    2.310616    2.310616    2.815044    2.815044    3.415980    3.415980    5.828860    5.828860    6.411917    6.411917    6.900554    6.900554    7.782252    7.782252    7.907865    7.907865    8.554627    8.554627
    2.007711   -1.015979   -1.015979    0.678935    0.678935    0.854731    0.854731    1.229496    1.229496    1.606774    1.606774    1.795792    1.795792    2.017862    2.017862    3.241492    3.241492    3.834253    3.834253    5.323115    5.323115    6.033423    6.033423    7.116452    7.116452    7.643671    7.643671    8.355701    8.355701    8.521715    8.521715
    2.096060   -1.071948   -1.071948    0.722585    0.722585    1.087283    1.087283    1.240369    1.240369    1.391919    1.391919    1.765798    1.765798    1.836479    1.836479    3.437798    3.437798    4.045447    4.045447    5.023723    5.023723    5.911659    5.911659    7.263533    7.263533    7.479002    7.479002    8.493790    8.493790    8.627095    8.627095
