  case = lda  ! lda or soc
 
 proj:
 orbt = 1
 ntau = 8
 0.1054466377836084  0.1054466377836084  0.1054466377836084 1 3
 0.3945533622163915  0.8945533622163916  0.6054466377836084 1 3
 0.8945533622163916  0.6054466377836084  0.3945533622163915 1 3
 0.6054466377836084  0.3945533622163915  0.8945533622163916 1 3
 0.4069137540549798  0.4069137540549798  0.4069137540549798 2 3
 0.0930862459450202  0.5930862459450202  0.9069137540549798 2 3
 0.5930862459450202  0.9069137540549798  0.0930862459450202 2 3
 0.9069137540549798  0.0930862459450202  0.5930862459450202 2 3
 end projections
 
 kpoint:
 kmesh = 3
 Nk = 5
  0.00000000    0.00000000    0.00000000  ! k0: y1,y2,y3
  0.50000000    0.50000000    0.50000000  ! k1
  0.50000000    0.50000000    0.00000000  ! k2
  0.00000000    0.50000000    0.00000000  ! k3
  0.00000000    0.00000000    0.00000000
 end kpoint_path
 
 unit_cell:
     8.889000000  0.000000000  0.000000000     0.112498594  0.000000000  0.000000000
     0.000000000  8.889000000  0.000000000     0.000000000  0.112498594  0.000000000
     0.000000000  0.000000000  8.889000000     0.000000000  0.000000000  0.112498594
    1     1.000000     0.000000     1.000000     0.000000     0.000000     0.000000     0.000000     0.000000
    2     1.000000   120.000000    -0.577350    -0.577350    -0.577350     0.000000     0.000000     0.000000
    3     1.000000   120.000000     0.577350     0.577350     0.577350     0.000000     0.000000     0.000000
    4     1.000000   179.999999     0.000000     0.000000     1.000000     0.500000     0.000000     0.500000
    5     1.000000   120.000000    -0.577350     0.577350     0.577350     0.500000     0.000000     0.500000
    6     1.000000   120.000000    -0.577350     0.577350    -0.577350     0.500000     0.000000     0.500000
    7     1.000000   120.000000     0.577350    -0.577350     0.577350     0.500000     0.500000     0.000000
    8     1.000000   120.000000    -0.577350    -0.577350     0.577350     0.500000     0.500000     0.000000
    9     1.000000   180.000000     1.000000     0.000000     0.000000     0.500000     0.500000     0.000000
   10     1.000000   120.000000     0.577350    -0.577350    -0.577350     0.000000     0.500000     0.500000
   11     1.000000   180.000000     0.000000     1.000000     0.000000     0.000000     0.500000     0.500000
   12     1.000000   120.000000     0.577350     0.577350    -0.577350     0.000000     0.500000     0.500000
 end unit_cell_cart
