    0.000000    2.151531    2.155687    2.450424    2.450424    2.902236    2.902236    3.602958    3.602958    4.561219    4.744623    5.673028    5.673028    7.024584    7.220439    7.220439
    0.032908    2.048566    2.261931    2.449646    2.449646    2.905028    2.905028    3.598517    3.598517    4.497260    4.810199    5.680849    5.680849    7.013984    7.212171    7.212171
    0.065815    1.948644    2.371929    2.447800    2.447800    2.913526    2.913526    3.584997    3.584997    4.387653    4.924918    5.703561    5.703561    6.982822    7.188029    7.188029
    0.098723    1.854465    2.445199    2.445199    2.483619    2.927157    2.927157    3.563763    3.563763    4.272092    5.048325    5.739683    5.739683    6.933999    7.149454    7.149454
    0.131631    1.768440    2.441800    2.441800    2.594862    2.945161    2.945161    3.537004    3.537004    4.156881    5.173150    5.787469    5.787469    6.871440    7.098591    7.098591
    0.164539    1.692008    2.438431    2.438431    2.704412    2.966759    2.966759    3.506055    3.506055    4.044888    5.295708    5.844228    5.844228    6.798780    7.038748    7.038748
    0.197446    1.626230    2.435453    2.435453    2.811050    2.990262    2.990262    3.473439    3.473439    3.937116    5.413040    5.906112    5.906112    6.720906    6.974254    6.974254
    0.230354    1.573573    2.432723    2.432723    2.910210    3.013773    3.013773    3.442080    3.442080    3.836494    5.521063    5.968182    5.968182    6.643565    6.910368    6.910368
    0.263262    1.535022    2.430890    2.430890    2.996783    3.034592    3.034592    3.414940    3.414940    3.749133    5.611951    6.023674    6.023674    6.574458    6.853785    6.853785
    0.296170    1.511238    2.429933    2.429933    3.049486    3.049486    3.060242    3.396064    3.396064    3.685511    5.674827    6.063307    6.063307    6.524822    6.813472    6.813472
    0.329077    1.503250    2.429552    2.429552    3.055110    3.055110    3.084127    3.389221    3.389221    3.661412    5.697853    6.077832    6.077832    6.506423    6.798679    6.798679
    0.417427    1.518680    2.301995    2.392012    2.644711    2.871054    2.927476    3.495352    3.764725    3.903863    5.567202    5.755375    6.003294    6.788387    6.917458    7.014078
    0.505776    1.563092    1.782308    2.269643    2.277230    2.700132    2.751041    3.609937    3.915346    4.146348    5.386503    5.646814    5.905492    7.064110    7.158979    7.404505
    0.594125    1.171565    1.630319    1.902813    2.065295    2.631604    2.657761    3.467087    3.620743    4.266243    5.305100    5.898460    6.117882    7.276070    7.403725    7.632980
    0.682474    0.610871    1.531610    1.705865    1.827484    2.553566    2.635646    2.907158    3.524276    4.106258    5.477046    5.989990    6.697652    7.388183    7.592022    7.691829
    0.770823    0.134021    1.191892    1.599038    1.726053    2.287617    2.497837    2.773210    3.358509    3.835392    5.719829    6.141434    6.934458    7.625301    7.702467    7.705263
    0.859172   -0.238260    0.891027    1.398863    1.456482    2.097481    2.461861    2.850406    3.168849    3.569231    5.889314    6.308921    6.760563    7.629678    7.740391    8.178082
    0.947521   -0.495018    0.632771    1.016638    1.235983    2.149589    2.447169    2.918587    2.983499    3.386566    5.875256    6.463349    6.598563    7.561718    7.721318    8.668010
    1.035870   -0.636883    0.407752    0.658507    1.116736    2.245587    2.457643    2.816768    2.851174    3.398163    5.666904    6.581537    6.589977    7.484392    7.672260    9.051036
    1.124219   -0.685531    0.205742    0.463578    1.043700    2.355853    2.498594    2.679934    2.699441    3.511338    5.445582    6.619271    6.675500    7.422938    7.627131    9.293516
    1.212569   -0.690083    0.115307    0.407967    1.018803    2.437421    2.555856    2.591669    2.596825    3.568656    5.354318    6.638896    6.705896    7.400389    7.609744    9.376158
    1.300918   -0.690112    0.180629    0.432387    1.005707    1.960827    2.150638    2.998113    3.057996    3.553304    5.407570    6.420047    6.494066    7.662474    7.766221    9.326737
    1.389267   -0.673576    0.360218    0.480831    0.968408    1.461302    1.788779    3.203714    3.477432    3.701002    5.508087    5.991208    6.299320    8.000955    8.074159    9.181030
    1.477616   -0.615623    0.453049    0.626498    0.899189    1.059931    1.611725    3.080231    3.747677    3.947317    5.561034    5.716405    6.343978    8.183041    8.341431    8.961610
    1.565965   -0.501483    0.219997    0.746672    0.858464    0.995622    1.705499    2.891211    3.749646    3.863621    5.651576    5.843775    6.592975    8.173343    8.353707    8.805021
    1.654314   -0.325880   -0.117411    0.593589    0.850472    1.377916    1.993254    2.685172    3.503706    3.513179    5.862219    6.276718    6.882971    7.888088    8.120368    8.807768
    1.742663   -0.437624   -0.092746    0.516322    0.887710    1.818829    2.334453    2.504885    3.054027    3.185809    6.120933    6.731976    7.069255    7.482306    7.880569    8.786817
    1.831012   -0.699918    0.182082    0.532390    0.975014    2.199856    2.264479    2.614039    2.641682    3.051003    6.220986    6.840733    6.884504    7.541574    7.830307    8.707078
    1.919361   -0.892511    0.479340    0.640113    1.110020    1.949990    2.115913    2.344469    2.853873    3.442242    5.863243    6.464673    6.956136    7.853191    7.969094    8.620758
    2.007711   -1.009303    0.713593    0.868732    1.267460    1.627729    1.840494    2.049626    3.285856    3.860010    5.398064    6.037057    7.162820    7.863737    8.238327    8.593641
    2.096060   -1.048180    0.796191    1.176888    1.206495    1.445859    1.776484    1.872062    3.494948    4.056622    5.174121    5.835273    7.269082    7.820068    8.343682    8.599178
