  case = lda  ! lda or soc
 
 proj:
  orbt = 2 
  ntau = 5
  0.39900000  0.39900000  0.39900000 1 3  ! x1, x2, x3, itau, iorbit
  0.60100000  0.60100000  0.60100000 1 3
  0.20600000  0.20600000  0.20600000 2 3
  0.79400000  0.79400000  0.79400000 2 3
  0.00000000  0.00000000  0.00000000 2 3
 end projections
 
 kpoint:
 kmesh = 10
 Nk = 3
  0.00000000    0.00000000    0.00000000  ! k0: y1,y2,y3
  0.50000000    0.50000000    0.50000000  ! k1
  0.50000000    0.50000000    0.00000000  ! k2
  0.00000000    0.50000000    0.00000000  ! k3
 end kpoint_path
 
 unit_cell:
  1.194537707 -2.069000000  9.546666657     0.139523990 -0.241662639  0.034916201
  1.194537707  2.069000000  9.546666657     0.139523990  0.241662639  0.034916201
 -2.389075414  0.000000000  9.546666657    -0.279047979  0.000000000  0.034916201
  1     1.000000     0.000000     1.000000     0.000000     0.000000     0.000000     0.000000     0.000000
  2    -1.000000     0.000000     1.000000     0.000000     0.000000     0.000000     0.000000     0.000000
  3     1.000000   180.000000     0.866025     0.500000     0.000000     0.000000     0.000000     0.000000
  4    -1.000000   180.000000     0.866025     0.500000     0.000000     0.000000     0.000000     0.000000
  5     1.000000   120.000000     0.000000     0.000000    -1.000000     0.000000     0.000000     0.000000
  6    -1.000000   120.000000     0.000000     0.000000    -1.000000     0.000000     0.000000     0.000000
  7     1.000000   179.999999     0.000000     1.000000     0.000000     0.000000     0.000000     0.000000
  8    -1.000000   179.999999     0.000000     1.000000     0.000000     0.000000     0.000000     0.000000
  9     1.000000   120.000000     0.000000     0.000000     1.000000     0.000000     0.000000     0.000000
 10    -1.000000   120.000000     0.000000     0.000000     1.000000     0.000000     0.000000     0.000000
 11     1.000000   180.000000     0.866025    -0.500000     0.000000     0.000000     0.000000     0.000000
 12    -1.000000   180.000000     0.866025    -0.500000     0.000000     0.000000     0.000000     0.000000
 end unit_cell_cart
